       username                                                   module_id       Clear_Concept             Rewatch Checkback_Reference            Skipping    non_dropout       IPI
   0304D0287858     i4x-FCUx-2015004-video-669b1cf3ed084ea8889a29c39defa549         -102.800000          -54.800000          -54.400000         -114.700000              0        -6
   0304D0287858     i4x-FCUx-2015004-video-cc5845b4b2bd455ab0eda41112a820d8         -102.000000          -86.000000          -90.000000         -166.000000              0         0
 ~~0304D0288607                                                                                                                                                            -2.000000
   0304D0288607     i4x-FCUx-2015004-video-11ae13a27f504702af9291620a9da726          -79.400000          -68.700000          -53.300000          -51.975305              0         0
   0304D0288607     i4x-FCUx-2015004-video-23f45a420ce64c73aaaf53bca109c332         -118.400000          -63.600000          -46.000000          -54.545299              0        -6
   0304D0288607     i4x-FCUx-2015004-video-3d9cf6bdefaf451093a50981169ba813          -81.500000          -51.900000          -34.700000          -78.300000              0         0
   0304D0288607     i4x-FCUx-2015004-video-4dd77e59868c449da1e1b7fedca546ed         -102.800000          -54.800000          -54.400000         -114.700000              0        -6
   0304D0288607     i4x-FCUx-2015004-video-67361c6b92ee4ba79f2502e8582be803          -65.900000          -59.000000          -82.300000         -158.200000              0         8
   0304D0288607     i4x-FCUx-2015004-video-8bbddbcbbd8a46e88a502f02361d4a57          -51.700000          -15.592893          -18.946447          -19.685786              0         0
   0304D0288607     i4x-FCUx-2015004-video-9beca02ab40d4e3190b5b82f9a3ec837          -94.800000          -56.500000          -23.200000          -21.667007              0        -6
   0304D0288607     i4x-FCUx-2015004-video-bea0c65c0f204699b27dc38e944a643b          -77.591752          -25.458759          -17.600000          -79.100000              0         0
   0304D0288607     i4x-FCUx-2015004-video-edd4bc12ef1046c6b253ee127b48e973          -63.000000          -20.533975            4.254701           13.866025              1         0
 ~~0304D0382500                                                                                                                                                            -1.111111
   0304D0382500     i4x-FCUx-2015004-video-89d30e0c4ddf4936b8ed7222f9d8a1a7         -128.000000         -102.000000          -98.000000         -168.000000              0         0
 ~~0304D0487161                                                                                                                                                            -6.000000
   0304D0487161     i4x-FCUx-2015004-video-11ae13a27f504702af9291620a9da726         -115.600000          -56.600000          -21.195466          -86.400000              0        -6
   0304D0487161     i4x-FCUx-2015004-video-4dd77e59868c449da1e1b7fedca546ed         -128.800000          -75.000000          -48.500000          -82.700000              0        -8
 ~~0304e0160850                                                                                                                                                            -4.000000
   0304e0160850     i4x-FCUx-2015004-video-11ae13a27f504702af9291620a9da726         -102.000000          -86.000000          -90.000000         -166.000000              0         0
   0304e0160850     i4x-FCUx-2015004-video-9beca02ab40d4e3190b5b82f9a3ec837          -65.900000          -59.000000          -82.300000         -158.200000              0         8
   0304e0160850     i4x-FCUx-2015004-video-edd4bc12ef1046c6b253ee127b48e973         -102.000000          -86.000000          -90.000000         -166.000000              0         0
       ~~0316gv                                                                                                                                                             2.666667
         0316gv     i4x-FCUx-2015008-video-55e08ccb5efd4411b8153dac9bf1132d         -120.200000         -100.400000          -96.100000         -168.000000              1         0
         0316gv     i4x-FCUx-2015008-video-6de150e773e348998dcb016d8cc71f79          -68.500000          -63.600000          -80.900000         -158.400000              1         8
         0316gv     i4x-FCUx-2015008-video-a0af8ff77509480faa0b4a5c76d9e759         -120.200000         -100.400000          -96.100000         -168.000000              1         0
         0316gv     i4x-FCUx-2015008-video-c3765b39cd274ae685a462dec05a79d1         -120.200000         -100.400000          -96.100000         -168.000000              1         0
         0316gv     i4x-FCUx-2015008-video-c9a06e57ac934947846babaced2dab36         -120.200000         -100.400000          -96.100000         -168.000000              1         0
         0316gv     i4x-FCUx-2015008-video-dc46bef1123b4bdfa8dac10fec2ec2b4         -120.200000         -100.400000          -96.100000         -168.000000              1         0
         0316gv     i4x-FCUx-2015008-video-ec89d6ecdff5465383d90c3df5cbe771         -120.200000         -100.400000          -96.100000         -168.000000              1         0
     ~~04220422                                                                                                                                                             1.142857
       04220422     i4x-SP-103102805-video-4f9599ebcec34d38a9c44a536fd706b7         -128.000000         -102.000000          -98.000000         -168.000000              0         0
       04220422     i4x-SP-103102805-video-c7d9396cbb774f9c9cc38bb6f9367e23         -128.000000         -102.000000          -98.000000         -168.000000              0         0
       04220422     i4x-SP-103102805-video-cbb9a47ed129460383318f6d7d0acbe7         -128.000000         -102.000000          -98.000000         -168.000000              1         0
    ~~069212543                                                                                                                                                             0.000000
      069212543     i4x-NKUHTx-TC101-video-531330338acb456182373798670894c2          -72.100000          -29.567949          -28.600000          -85.100000              1         0
   ~~0939073569                                                                                                                                                             0.000000
     0939073569     i4x-NKUHTx-TC101-video-7e71c036f4d54a2d8408f94907b578ef         -128.000000         -102.000000          -98.000000         -168.000000              0         0
     0939073569     i4x-NKUHTx-TC101-video-89f0b88c025b40d7bc5363068f342736         -128.000000         -102.000000          -98.000000         -168.000000              0         0
     0939073569     i4x-SP-103004702-video-7623e999dd7f48a096d81254b7c32045         -128.000000         -102.000000          -98.000000         -168.000000              0         0
    ~~100205040                                                                                                                                                             0.000000
      100205040        i4x-SEC-SE101-video-0ef893bc11634e858a5e96bbbd6513e1          -10.567544           -8.486406          -32.783772          -79.000000              0         0
      100205040        i4x-SEC-SE101-video-21ce5f1b20244e47b783a4ccd0fd9991           20.774874          -32.200000          -77.300000         -151.000000              0         6
      100205040        i4x-SEC-SE101-video-5b4f386ec83e4860ac509de8cc014cc9          -39.183503          -30.883503          -53.600000         -109.100000              0         0
       ~~101043                                                                                                                                                             4.666667
         101043     i4x-NKUHTx-TC101-video-011547a2db5f4205ab168bffa7c5e2b8          -65.900000          -59.000000          -82.300000         -158.200000              1         8
         101043     i4x-NKUHTx-TC101-video-0bf05c984fc04eda85c3b1f4e73593e7         -102.000000          -86.000000          -90.000000         -166.000000              1         0
         101043     i4x-NKUHTx-TC101-video-10f76b6490f84c9996c27d59ed697ea3         -102.000000          -86.000000          -90.000000         -166.000000              1         0
         101043     i4x-NKUHTx-TC101-video-155f95af9892419d894a3d61984a025c          -65.900000          -59.000000          -82.300000         -158.200000              0         8
         101043     i4x-NKUHTx-TC101-video-1796d0e916734c79abbf52b88fbe47df          -65.900000          -59.000000          -82.300000         -158.200000              1         8
         101043     i4x-NKUHTx-TC101-video-3cb909e4e13c4f2db4d11efb79a9b0eb          -68.500000          -63.600000          -80.900000         -158.400000              1         8
         101043     i4x-NKUHTx-TC101-video-426a6b4ef11446669c824a3c0de8ff61          -65.900000          -59.000000          -82.300000         -158.200000              1         8
         101043     i4x-NKUHTx-TC101-video-4afeb3c19e7e45fc9868834381af348b         -120.200000         -100.400000          -96.100000         -168.000000              1         0
         101043     i4x-NKUHTx-TC101-video-4c8a9997ab4f47ccbd65f1e8477b89c5          -12.600000           -7.500000           -6.866667          -59.333333              0         0
         101043     i4x-NKUHTx-TC101-video-6164041a1b5c4b9b9b5a7bdebec1c148         -102.000000          -86.000000          -90.000000         -166.000000              1         0
         101043     i4x-NKUHTx-TC101-video-7e71c036f4d54a2d8408f94907b578ef         -102.000000          -86.000000          -90.000000         -166.000000              1         0
         101043     i4x-NKUHTx-TC101-video-835c4107e693436b88134c2e6c98b7d4         -120.200000         -100.400000          -96.100000         -168.000000              1         0
         101043     i4x-NKUHTx-TC101-video-8535f29291354776a0f043d4474f7d82         -102.000000          -86.000000          -90.000000         -166.000000              1         0
         101043     i4x-NKUHTx-TC101-video-8c08028147514be7b8123aefe252a61a         -102.000000          -86.000000          -90.000000         -166.000000              1         0
         101043     i4x-NKUHTx-TC101-video-9ca1b92a7ca74e2289bb7c6b5816046c          -65.900000          -59.000000          -82.300000         -158.200000              1         8
         101043     i4x-NKUHTx-TC101-video-a54c5ab91a8d433798871172cc3f57f2         -193.336583         -159.072795         -138.145466         -269.918199              0         0
         101043     i4x-NKUHTx-TC101-video-be519413f03a4100a05dee3e6fd83f8c          -62.900000          -60.800000          -80.300000         -143.000000              1         2
         101043     i4x-NKUHTx-TC101-video-c32c830b726942299fea08f32545ac5c          -64.600000          -39.100000          -49.400000          -98.200000              0         0
         101043     i4x-NKUHTx-TC101-video-cb5e11fe00e843e4aa62254cf8051454         -102.000000          -86.000000          -90.000000         -166.000000              1         0
         101043     i4x-NKUHTx-TC101-video-cf045d2ee4ae4b149203207a306022c7          -37.522650          -26.622650          -48.000000         -100.700000              0         0
         101043     i4x-NKUHTx-TC101-video-d34d654d7369434da137b6354c937afd          -71.400000          -40.300000          -54.100000         -117.800000              1         0
         101043     i4x-NKUHTx-TC101-video-db393097ae384f7d9a38bc19f9033a52         -102.000000          -86.000000          -90.000000         -166.000000              1         0
         101043     i4x-NKUHTx-TC101-video-df20dc41372145aaa020debe2100eccb         -120.200000         -100.400000          -96.100000         -168.000000              1         0
         101043     i4x-NKUHTx-TC101-video-e3770e44503a4af382dfc5cb60a55dab         -102.000000          -86.000000          -90.000000         -166.000000              1         0
         101043     i4x-NKUHTx-TC101-video-e4082c7c35f344e3869647b5a28d1e7d         -102.000000          -86.000000          -90.000000         -166.000000              1         0
         101043     i4x-NKUHTx-TC101-video-e40ec1343b4647008e5997b3ef134d1c          -74.367950          -67.200000          -89.600000         -170.000000              1         8
         101043     i4x-NKUHTx-TC101-video-f1871514afa042ed9de82c57a78975fa           -8.800000          -39.900000          -79.500000         -148.000000              1         8
         101043     i4x-NKUHTx-TC101-video-f271539381c6442aae430348516f1c6d            2.067767          -28.200000          -53.400000         -105.300000              1         0
         101043     i4x-SP-103004702-video-14f0ac8f15164897b13d9c2c9804a70c          -68.600000          -54.700000          -55.000000          -97.800000              0         0
         101043     i4x-SP-103004702-video-893d415371284072a4bfdc769f5581a9          -33.885786          -43.100000          -74.200000         -137.700000              1         0
         101043     i4x-SP-103004702-video-d0fa167bfdc54ee3a9fd645634edd8f9          -68.705573          -62.600000          -85.800000         -164.000000              0         8
    ~~101302013                                                                                                                                                             2.129032
      101302013      i4x-NCUx-MO0003-video-197fb978b71840d399920b9cdc7fd972          -69.300000          -35.685786          -52.300000         -111.800000              0         0
    ~~101302503                                                                                                                                                             0.000000
      101302503       i4x-NCU-MO0015-video-02eda905050343fbb9dab5dddfebbe66         -120.200000         -100.400000          -96.100000         -168.000000              1         0
      101302503       i4x-NCU-MO0015-video-07733ca47a724b278dd5a305c813e905          -85.900000          -84.100000          -86.900000         -145.800000              1         6
      101302503       i4x-NCU-MO0015-video-07ed0a3c84cb42e299bb6dbcd29e6fd1          -61.967949          -62.800000          -83.900000         -164.000000              1         8
      101302503       i4x-NCU-MO0015-video-0a4716e4f22e489480a93e60fa92b4dc         -120.200000         -100.400000          -96.100000         -168.000000              1         0
      101302503       i4x-NCU-MO0015-video-0af918b16ac04f538d195b495044aea0          -96.900000          -84.400000          -88.100000         -166.200000              0         0
      101302503       i4x-NCU-MO0015-video-0e1dca61c96a4b958e7b53f62880a130          -73.652921          -71.800000          -91.500000         -176.000000              1         8
      101302503       i4x-NCU-MO0015-video-0f375a4df84b4874aeb46c4bae189ff8         -120.200000         -100.400000          -96.100000         -168.000000              1         0
      101302503       i4x-NCU-MO0015-video-1b69168f20d84df3b0a33d6791a711be          -68.500000          -63.600000          -80.900000         -158.400000              1         8
      101302503       i4x-NCU-MO0015-video-2739d8d847944fb1b451a4f87f4fb5cd         -120.200000         -100.400000          -96.100000         -168.000000              1         0
      101302503       i4x-NCU-MO0015-video-2a159a69971e45929e1a76d5fa84a972         -120.200000         -100.400000          -96.100000         -168.000000              1         0
      101302503       i4x-NCU-MO0015-video-3436a1e1d1d94f508a6a53351ae17c8d         -138.300000          -75.900000          -29.267544          -87.200000              0        -8
      101302503       i4x-NCU-MO0015-video-3b7ac55148e04654b47755a0b97831cc         -120.200000         -100.400000          -96.100000         -168.000000              1         0
      101302503       i4x-NCU-MO0015-video-3e4fc74ec7744a069e17a93ff55db8d7          -68.500000          -63.600000          -80.900000         -158.400000              1         8
      101302503       i4x-NCU-MO0015-video-3fde3151e1614eeba36b1b249faebf07          -17.290599          -53.600000          -88.900000         -166.000000              1         8
      101302503       i4x-NCU-MO0015-video-4821fbd7b41947c1ba3fd6f2377867e9         -120.200000         -100.400000          -96.100000         -168.000000              1         0
      101302503       i4x-NCU-MO0015-video-48973391678440259f29f9ea21f667e6          -90.600000          -63.600000          -34.600000         -106.000000              1        -6
      101302503       i4x-NCU-MO0015-video-48d952f4e3654c20a35516af18544bf5          -46.100000          -34.345299          -52.200000          -98.600000              1         0
      101302503       i4x-NCU-MO0015-video-4bf03079a70b43408e8ff4236f6c0da4         -120.200000         -100.400000          -96.100000         -168.000000              1         0
      101302503       i4x-NCU-MO0015-video-50e17d138e17406fb140d7750ff5aec8         -120.200000         -100.400000          -96.100000         -168.000000              1         0
      101302503       i4x-NCU-MO0015-video-50f070744bc2433693e616929c887b19          -48.122650          -75.900000          -86.300000         -146.700000              1         6
      101302503       i4x-NCU-MO0015-video-5cc0fe58fc93464b9e5facffb0bbb77f         -120.200000         -100.400000          -96.100000         -168.000000              1         0
      101302503       i4x-NCU-MO0015-video-5cc7b98724774300bce56504d7917121         -120.200000         -100.400000          -96.100000         -168.000000              1         0
      101302503       i4x-NCU-MO0015-video-6213c36d7af64664b6d54b4a0541796c         -120.200000         -100.400000          -96.100000         -168.000000              1         0
      101302503       i4x-NCU-MO0015-video-62577dbc06f8436f8269f77f7fba7001          -68.500000          -63.600000          -80.900000         -158.400000              1         8
      101302503       i4x-NCU-MO0015-video-636c23b057e341bd931747478d17c9b5         -120.200000         -100.400000          -96.100000         -168.000000              1         0
      101302503       i4x-NCU-MO0015-video-63c81cc48d1e419fa7d02aec2c59d455          -68.500000          -63.600000          -80.900000         -158.400000              1         8
      101302503       i4x-NCU-MO0015-video-672b368e86a6447992e8393ac6261523          -65.000000          -65.000000          -85.700000         -167.000000              1         8
      101302503       i4x-NCU-MO0015-video-67a9b232c80a4cfb8aef42834c0d4271         -120.200000         -100.400000          -96.100000         -168.000000              1         0
      101302503       i4x-NCU-MO0015-video-6b7c220bfdcb4ca0a89854510bb4388f           10.096151          -42.400000          -79.300000         -154.000000              1         8
      101302503       i4x-NCU-MO0015-video-6c75e37b01bd40ba8c1438158fde4a19          -73.652921          -71.800000          -91.500000         -176.000000              1         8
      101302503       i4x-NCU-MO0015-video-71682b3a6a1d4793b51da8a81f77d291         -120.200000         -100.400000          -96.100000         -168.000000              1         0
      101302503       i4x-NCU-MO0015-video-718cf356c2fc469ab43026c7b7a9a134          -65.900000          -59.000000          -82.300000         -158.200000              0         8
      101302503       i4x-NCU-MO0015-video-79d1e46d657b4fe18d96301200109495           -4.066107          -37.800000          -77.400000         -148.000000              1         6
      101302503       i4x-NCU-MO0015-video-7b068d93d2e14716815c3b5ffced0c59          -61.967949          -62.800000          -83.900000         -164.000000              1         8
    ~~101302503                                                                                                                                                             3.030303
