 StartTime       non   dropout       IPI
         0      1093       512 -2.408723
         1      1614       855 -2.315917
         2      1974      1121 -2.222294
         3      2245      1299 -2.141648
         4      1732      1040 -2.103175
         5      2228      1253 -2.200517
         6      2540      1412 -2.110324
         7      2879      1967 -2.101527
         8      2392      1840 -2.004253
         9      1784      1493 -1.963381
        10      1426      1114 -2.027559
        11      1813      1440 -1.993237
        12      2455      1673 -1.927810
        13      2994      2066 -2.021344
        14      2942      2037 -2.036955
        15      2194      1706 -1.931795
        16      1224      1022 -1.959929
        17       698       567 -2.023715
        18       356       276 -1.977848
        19       199       174 -2.048257
        20       214       162 -2.265957
        21       369       161 -2.396226
        22       323       153 -2.436975
        23       503       192 -2.382734
